0.000000000000000 1.0
0.00500000000000000 1.0
0.0100000000000000 0.9999999999999989
0.0150000000000000 0.9999999999999969
0.0200000000000000 0.9999999999861102
0.0250000000000000 0.9999999979388123
0.0300000000000000 0.9999999421884811
0.0350000000000000 0.9999993698521197
0.0400000000000000 0.9999960345481604
0.0450000000000000 0.999980424070749
0.0500000000000000 0.9999053581883903
0.0550000000000000 0.999549819946532
0.0600000000000000 0.9980995538133735
0.0650000000000000 0.9932385602824861
0.0700000000000000 0.9798010216409314
0.0750000000000000 0.9488738819004017
0.0800000000000000 0.8897970072032944
0.0850000000000000 0.7981624165316709
0.0900000000000000 0.6874263821123703
0.0950000000000000 0.5890664985918164
0.100000000000000 0.5291843864615979
0.105000000000000 0.5060065504187325
0.110000000000000 0.5007118002693695
0.115000000000000 0.5000451124868117
0.120000000000000 0.5000014524284315
0.125000000000000 0.5000000260601779
0.130000000000000 0.4999999996671638
0.135000000000000 0.4999999999695305
0.140000000000000 0.4999999999850572
0.145000000000000 0.49999999996517475
0.150000000000000 0.49999999948734786
0.155000000000000 0.49999999931359085
0.160000000000000 0.4999999999976559
0.165000000000000 0.4999999999969259
0.170000000000000 0.4999999999998165
0.175000000000000 0.5000000003382546
0.180000000000000 0.5000000000000051
0.185000000000000 0.4999999997478799
0.190000000000000 0.49999999999982825
0.195000000000000 0.5000000000008691
0.200000000000000 0.49999999999996153
0.205000000000000 0.49999999650345633
0.210000000000000 0.5000000000026897
0.215000000000000 0.5000000000009854
0.220000000000000 0.5000000000000396
0.225000000000000 0.5000000000000118
0.230000000000000 0.5000000000058203
0.235000000000000 0.49999999722761984
0.240000000000000 0.49999999999986267
0.245000000000000 0.5000000000000459
0.250000000000000 0.5000000000000154
0.255000000000000 0.5000000000000001
0.260000000000000 0.49999999998158917
0.265000000000000 0.4999999999999995
0.270000000000000 0.49999999999602246
0.275000000000000 0.4999999999958483
0.280000000000000 0.4999999999992579
0.285000000000000 0.5000000000000009
0.290000000000000 0.5000000000000016
0.295000000000000 0.5000000001557648
