0.000000000000000 0.499999999999647
0.00500000000000000 0.499999999999999
0.0100000000000000 0.49999999999991895
0.0150000000000000 0.4999999999999954
0.0200000000000000 0.5000000000000016
0.0250000000000000 0.49999999999999695
0.0300000000000000 0.5000000000000405
0.0350000000000000 0.49999999999988276
0.0400000000000000 0.5000000000000204
0.0450000000000000 0.4999999999999756
0.0500000000000000 0.500000000000013
0.0550000000000000 0.5000000000000032
0.0600000000000000 0.5000000000003374
0.0650000000000000 0.4999999999999937
0.0700000000000000 0.4999999999999963
0.0750000000000000 0.500000000000006
0.0800000000000000 0.499999999999999
0.0850000000000000 0.5000000000000017
0.0900000000000000 0.49999999999999795
0.0950000000000000 0.5000000000000017
0.100000000000000 0.4999999999999996
0.105000000000000 0.49999999999999933
0.110000000000000 0.500000000000001
0.115000000000000 0.4999999999999987
0.120000000000000 0.4999999999999995
0.125000000000000 0.49999999999999994
0.130000000000000 0.5000000000000001
0.135000000000000 0.5000000000000007
0.140000000000000 0.5000000000000009
0.145000000000000 0.5000000000000011
0.150000000000000 0.5
0.155000000000000 0.5000000000000004
0.160000000000000 0.49999999999999867
0.165000000000000 0.5000000000000002
0.170000000000000 0.5000000000000002
0.175000000000000 0.5000000000000017
0.180000000000000 0.5000000000000002
0.185000000000000 0.5000000000000006
0.190000000000000 0.5000000000000001
0.195000000000000 0.5000000000000002
0.200000000000000 0.5000000000000001
0.205000000000000 0.5000000000000001
0.210000000000000 0.5000000000000003
0.215000000000000 0.5000000000000004
0.220000000000000 0.5000000000000023
0.225000000000000 0.4999999999999998
0.230000000000000 0.5000000000000003
0.235000000000000 0.49999999999999994
0.240000000000000 0.49999999999999994
0.245000000000000 0.49999999999999994
0.250000000000000 0.4999999999999998
0.255000000000000 0.5
0.260000000000000 0.5
0.265000000000000 0.5000000000000002
0.270000000000000 0.5
0.275000000000000 0.49999999999999983
0.280000000000000 0.49999999999999967
0.285000000000000 0.5
0.290000000000000 0.5000000000000001
0.295000000000000 0.49999999999999994
