0.000000000000000 0.0
0.00500000000000000 -7.325234118689795e-26
0.0100000000000000 -8.13804878375809e-09
0.0150000000000000 -7.221116148698194e-10
0.0200000000000000 1.3537257628531903e-09
0.0250000000000000 7.490445525254307e-10
0.0300000000000000 5.945483962483903e-08
0.0350000000000000 6.30567726712315e-07
0.0400000000000000 3.965456763156827e-06
0.0450000000000000 1.9575929218579176e-05
0.0500000000000000 9.46455192698114e-05
0.0550000000000000 0.00045018005348207435
0.0600000000000000 0.0019004462242534095
0.0650000000000000 0.006761430484878628
0.0700000000000000 0.020198997468981298
0.0750000000000000 0.05112611811862553
0.0800000000000000 0.1102029927919794
0.0850000000000000 0.20183758346767686
0.0900000000000000 0.31257361841975734
0.0950000000000000 0.41093342090437646
0.100000000000000 0.4708156129666721
0.105000000000000 0.49399344886190294
0.110000000000000 0.49928821173175353
0.115000000000000 0.49995489080643285
0.120000000000000 0.4999985649741259
0.125000000000000 0.49999997495577236
0.130000000000000 0.4999999992942201
0.135000000000000 0.5000000003845139
0.140000000000000 0.5000000014666033
0.145000000000000 0.4999999997986299
0.150000000000000 0.5000000020783073
0.155000000000000 0.5000000006862384
0.160000000000000 0.5000000000016438
0.165000000000000 0.5000000000030732
0.170000000000000 0.5000000008215694
0.175000000000000 0.49999999966169306
0.180000000000000 0.49999999977885545
0.185000000000000 0.49999999999588773
0.190000000000000 0.5000000001008601
0.195000000000000 0.49999999999999517
0.200000000000000 0.49999999994768185
0.205000000000000 0.5000000035242369
0.210000000000000 0.5000000000014265
0.215000000000000 0.4999999999972874
0.220000000000000 0.4999999999999939
0.225000000000000 0.5000000000014211
0.230000000000000 0.5
0.235000000000000 0.5000000000480046
0.240000000000000 0.49999999999827255
0.245000000000000 0.5000000000011088
0.250000000000000 0.49999999999995737
0.255000000000000 0.49999999966309416
0.260000000000000 0.4999999999999398
0.265000000000000 0.49999999999999734
0.270000000000000 0.5000000000000397
0.275000000000000 0.5000000000041666
0.280000000000000 0.5000000000007041
0.285000000000000 0.4999999999999961
0.290000000000000 0.49999999999999534
0.295000000000000 0.49999999999999944
