0.000000000000000 0.4999999999999962
0.00500000000000000 0.4999999999999816
0.0100000000000000 0.4999999999999895
0.0150000000000000 0.49999999999988337
0.0200000000000000 0.4999999999999766
0.0250000000000000 0.49999999999999584
0.0300000000000000 0.49999999999995975
0.0350000000000000 0.5000000000000008
0.0400000000000000 0.4999999999999993
0.0450000000000000 0.49999999999978756
0.0500000000000000 0.5000000000001221
0.0550000000000000 0.4999999999999988
0.0600000000000000 0.5000000000000001
0.0650000000000000 0.4999999999999992
0.0700000000000000 0.49999999999999994
0.0750000000000000 0.500000000000001
0.0800000000000000 0.5000000000000001
0.0850000000000000 0.49999999999999983
0.0900000000000000 0.4999999999999998
0.0950000000000000 0.5000000000000001
0.100000000000000 0.4999999999999999
0.105000000000000 0.5000000000000001
0.110000000000000 0.5
0.115000000000000 0.5000000000000001
0.120000000000000 0.5
0.125000000000000 0.5000000000000002
0.130000000000000 0.5000000000000002
0.135000000000000 0.49999999999999994
0.140000000000000 0.49999999999999994
0.145000000000000 0.4999999999999999
0.150000000000000 0.5
0.155000000000000 0.5
0.160000000000000 0.49999999999999994
0.165000000000000 0.4999999999999999
0.170000000000000 0.5000000000000002
0.175000000000000 0.49999999999999983
0.180000000000000 0.4999999999999999
0.185000000000000 0.49999999999999994
0.190000000000000 0.5
0.195000000000000 0.5
0.200000000000000 0.5
0.205000000000000 0.49999999999999994
0.210000000000000 0.5
0.215000000000000 0.5
0.220000000000000 0.5000000000000001
0.225000000000000 0.5
0.230000000000000 0.5
0.235000000000000 0.5
0.240000000000000 0.4999999999999999
0.245000000000000 0.5
0.250000000000000 0.5
0.255000000000000 0.49999999999999994
0.260000000000000 0.5000000000000001
0.265000000000000 0.5
0.270000000000000 0.4999999999999999
0.275000000000000 0.5
0.280000000000000 0.5
0.285000000000000 0.5
0.290000000000000 0.5
0.295000000000000 0.5
