0.000000000000000 0.0
0.00500000000000000 -7.238687931635198e-26
0.0100000000000000 -2.3211318494863106e-10
0.0150000000000000 7.366813986209378e-10
0.0200000000000000 7.000295830275585e-10
0.0250000000000000 1.0333147540475926e-07
0.0300000000000000 6.3747489275912115e-06
0.0350000000000000 0.000118875369027006
0.0400000000000000 0.0010452795644227532
0.0450000000000000 0.005553210978145026
0.0500000000000000 0.020592105799221414
0.0550000000000000 0.05790981167842929
0.0600000000000000 0.12909947143640346
0.0650000000000000 0.23318728158033636
0.0700000000000000 0.3465535337978316
0.0750000000000000 0.43454580744904536
0.0800000000000000 0.480769207266332
0.0850000000000000 0.4963636657609403
0.0900000000000000 0.4995823261300134
0.0950000000000000 0.4999721412060261
0.100000000000000 0.49999895340328776
0.105000000000000 0.4999999740037459
0.110000000000000 0.4999999941043084
0.115000000000000 0.49999998332675155
0.120000000000000 0.49999999770302095
0.125000000000000 0.4999999997437381
0.130000000000000 0.5000000000321463
0.135000000000000 0.5000000000033265
0.140000000000000 0.4999999999614859
0.145000000000000 0.5000000000437477
0.150000000000000 0.5000000000017562
0.155000000000000 0.5000000000916671
0.160000000000000 0.5000000000000026
0.165000000000000 0.49999999999669786
0.170000000000000 0.4999999999970915
0.175000000000000 0.49999999970695763
0.180000000000000 0.5000000007440362
0.185000000000000 0.500000000000991
0.190000000000000 0.4999999995054409
0.195000000000000 0.49999999996449174
0.200000000000000 0.4999999999738307
0.205000000000000 0.49999999999999833
0.210000000000000 0.5000000000000004
0.215000000000000 0.49999999999845135
0.220000000000000 0.4999999999999908
0.225000000000000 0.4999999999810787
0.230000000000000 0.49999999999909484
0.235000000000000 0.49999999999999933
0.240000000000000 0.5000000000000114
0.245000000000000 0.5000000000000004
0.250000000000000 0.5
0.255000000000000 0.4999999999999993
0.260000000000000 0.5000000000000006
0.265000000000000 0.4999999999999992
0.270000000000000 0.500000000000246
0.275000000000000 0.5000000000000002
0.280000000000000 0.4999999999999877
0.285000000000000 0.5000000000000006
0.290000000000000 0.5000000000000007
0.295000000000000 0.4999999999999998
