0.000000000000000 1.0
0.00500000000000000 1.0
0.0100000000000000 0.9999999999999759
0.0150000000000000 0.9999999999999907
0.0200000000000000 0.999999999786853
0.0250000000000000 0.9999998966532521
0.0300000000000000 0.9999936252098575
0.0350000000000000 0.9998811246269166
0.0400000000000000 0.998954720376479
0.0450000000000000 0.9944467889934182
0.0500000000000000 0.9794078942049161
0.0550000000000000 0.9420901883253022
0.0600000000000000 0.8709005285645913
0.0650000000000000 0.766812718467941
0.0700000000000000 0.6534464408038632
0.0750000000000000 0.5654541925511498
0.0800000000000000 0.5192307961832356
0.0850000000000000 0.5036363338901064
0.0900000000000000 0.500417678156012
0.0950000000000000 0.5000278588882312
0.100000000000000 0.5000010347388546
0.105000000000000 0.5000000253552835
0.110000000000000 0.5000000059209976
0.115000000000000 0.4999999989197224
0.120000000000000 0.5000000022969975
0.125000000000000 0.5000000002549307
0.130000000000000 0.4999999999676422
0.135000000000000 0.4999999975375359
0.140000000000000 0.5000000002452761
0.145000000000000 0.49999999995673905
0.150000000000000 0.49999999999824396
0.155000000000000 0.4999999999042166
0.160000000000000 0.4999999999999975
0.165000000000000 0.5000000000033022
0.170000000000000 0.5000000002374573
0.175000000000000 0.5000000001934106
0.180000000000000 0.5000000000000053
0.185000000000000 0.4999999997085359
0.190000000000000 0.49999999980658094
0.195000000000000 0.5000000000355083
0.200000000000000 0.500000000026179
0.205000000000000 0.5000000000000016
0.210000000000000 0.5000000000000079
0.215000000000000 0.5000000000015487
0.220000000000000 0.49999999999999944
0.225000000000000 0.4999999999730471
0.230000000000000 0.5000000000009053
0.235000000000000 0.4999999999999709
0.240000000000000 0.5000000000008643
0.245000000000000 0.4999999999999998
0.250000000000000 0.5
0.255000000000000 0.5000000000000009
0.260000000000000 0.49999999999999944
0.265000000000000 0.49999999999999944
0.270000000000000 0.5000000000007299
0.275000000000000 0.49999999999999967
0.280000000000000 0.5000000000000124
0.285000000000000 0.49999999999999933
0.290000000000000 0.49999999999999994
0.295000000000000 0.49999999999999956
