0.000000 1.000000
0.010000 1.000000
0.020000 1.000000
0.030000 0.995000
0.040000 0.994995
0.050000 0.994939
0.060000 0.994690
0.070000 0.994002
0.080000 0.992596
0.090000 0.990091
0.100000 0.986225
0.110000 0.980509
0.120000 0.972390
0.130000 0.923897
0.140000 0.744847
0.150000 0.490529
0.160000 0.529567
0.170000 0.486951
0.180000 0.510569
0.190000 0.502564
0.200000 0.500321
0.210000 0.498577
0.220000 0.500202
0.230000 0.491598
0.240000 0.501162
0.250000 0.499763
0.260000 0.494877
0.270000 0.508528
0.280000 0.494722
0.290000 0.501395
0.300000 0.498379
0.310000 0.497784
0.320000 0.500505
0.330000 0.501517
0.340000 0.495269
0.350000 0.499003
0.360000 0.499995
0.370000 0.499365
0.380000 0.497335
0.390000 0.499059
0.400000 0.499897
0.410000 0.503775
0.420000 0.501246
0.430000 0.499506
0.440000 0.499419
0.450000 0.499313
0.460000 0.502396
0.470000 0.499063
0.480000 0.501845
0.490000 0.499799
