-5.00000000000000 0.500000000000000
-4.90000000000000 0.500000000000000
-4.80000000000000 0.500000000000000
-4.70000000000000 0.500000000000000
-4.60000000000000 0.500000000000000
-4.50000000000000 0.500000000000000
-4.40000000000000 0.500000000000000
-4.30000000000000 0.500000000000000
-4.20000000000000 0.500000000000000
-4.10000000000000 0.500000000000000
-4.00000000000000 0.500000000000000
-3.90000000000000 0.500000000000000
-3.80000000000000 0.500000000000000
-3.70000000000000 0.500000000000000
-3.60000000000000 0.500000000000000
-3.50000000000000 0.500000000000000
-3.40000000000000 0.500000000000000
-3.30000000000000 0.500000000000000
-3.20000000000000 0.500000000000000
-3.10000000000000 0.500000000000000
-3.00000000000000 0.500000000000000
-2.90000000000000 0.500000000000000
-2.80000000000000 0.500000000000000
-2.70000000000000 0.500000000000000
-2.60000000000000 0.500000000000000
-2.50000000000000 0.500000000000000
-2.40000000000000 0.500000000000000
-2.30000000000000 0.500000000000000
-2.20000000000000 0.500000000000000
-2.10000000000000 0.500000000000000
-2.00000000000000 0.500000000000000
-1.90000000000000 0.500000000000000
-1.80000000000000 0.500000000000000
-1.70000000000000 0.500000000000000
-1.60000000000000 0.500000000000000
-1.50000000000000 0.500000000000000
-1.40000000000000 0.500000000000000
-1.30000000000000 0.500000000000000
-1.20000000000000 0.500000000000000
-1.10000000000000 0.500000000000000
-1.00000000000000 0.500000000000000
-0.900000000000000 0.500000000000000
-0.800000000000000 0.500000000000000
-0.700000000000000 0.500000000000000
-0.600000000000000 0.500000000000000
-0.500000000000000 0.500000000000000
-0.400000000000000 0.500000000000000
-0.300000000000000 0.500000000000000
-0.200000000000000 0.500000000000000
-0.100000000000000 0.500000000000000
0.000000000000000 0.492063492063492
0.100000000000000 0.483870967741935
0.200000000000000 0.483870967741935
0.300000000000000 0.483870964795946
0.400000000000000 0.423076923076924
0.500000000000000 0.423076923076923
0.600000000000000 0.423076923076923
0.700000000000000 0.423076923076923
0.800000000000000 0.423076923076923
0.900000000000000 0.423076923076922
1.00000000000000 0.380952380952381
1.10000000000000 0.312500000000012
1.20000000000000 0.312500000000000
1.30000000000000 0.312500000000000
1.40000000000000 0.312500000000000
1.50000000000000 0.312500000000000
1.60000000000000 0.312500000000000
1.70000000000000 0.312500000000000
1.80000000000000 0.312500000000000
1.90000000000000 0.312500000000000
2.00000000000000 0.312500000000000
2.10000000000000 0.312500000000000
2.20000000000000 0.312500000000000
2.30000000000000 0.312500000000000
2.40000000000000 0.312500000000000
2.50000000000000 0.312499999999999
2.60000000000000 0.312499999999600
2.70000000000000 0.312499999504096
2.80000000000000 0.312499630414805
2.90000000000000 0.312325649481909
3.00000000000000 0.272727272727273
3.10000000000000 0.168443250775785
3.20000000000000 0.166678304979354
3.30000000000000 0.166666768903128
3.40000000000000 0.166666667853111
3.50000000000000 0.166666666684428
3.60000000000000 0.166666666667002
3.70000000000000 0.166666666666675
3.80000000000000 0.166666666666667
3.90000000000000 0.166666666666667
4.00000000000000 0.166666666666667
4.10000000000000 0.166666666666667
4.20000000000000 0.166666666666667
4.30000000000000 0.166666666666667
4.40000000000000 0.166666666666667
4.50000000000000 0.166666666666667
4.60000000000000 0.166666666666667
4.70000000000000 0.166666666666667
4.80000000000000 0.166666666666667
4.90000000000000 0.166666666666667
5.00000000000000 0.166666666666667
5.10000000000000 0.166666666666667
5.20000000000000 0.166666666666667
5.30000000000000 0.166666666666667
5.40000000000000 0.166666666666667
5.50000000000000 0.166666666666667
5.60000000000000 0.166666666666667
5.70000000000000 0.166666666666667
5.80000000000000 0.166666666666667
5.90000000000000 0.166666666666667
6.00000000000000 0.166666666666667
6.10000000000000 0.166666666666667
6.20000000000000 0.166666666666667
6.30000000000000 0.166666666666667
6.40000000000000 0.166666666666667
6.50000000000000 0.166666666666667
6.60000000000000 0.166666666666667
6.70000000000000 0.166666666666667
6.80000000000000 0.166666666666667
6.90000000000000 0.166666666666667
