-3.00000000000000 0.31113078432765934
-2.90000000000000 0.3111598947866004
-2.80000000000000 0.3111929894752017
-2.70000000000000 0.31123087583646947
-2.60000000000000 0.3112745809486739
-2.50000000000000 0.311325427712055
-2.40000000000000 0.3113851436685717
-2.30000000000000 0.3114560194655104
-2.20000000000000 0.3115411444384772
-2.10000000000000 0.311644765146733
-2.00000000000000 0.31177284572252817
-1.90000000000000 0.3119339700452122
-1.80000000000000 0.31214084505340023
-1.70000000000000 0.3124129093340583
-1.60000000000000 0.3127810763650287
-1.50000000000000 0.3132968883707994
-1.40000000000000 0.3140514847110998
-1.30000000000000 0.31521769899174723
-1.20000000000000 0.3171524695293231
-1.10000000000000 0.3206845015263619
-1.00000000000000 0.32808707615381605
-0.900000000000000 0.33901686746280046
-0.800000000000000 0.356910760590587
-0.700000000000000 0.3854067457321382
-0.600000000000000 0.4282941023158424
-0.500000000000000 0.48667054390765824
-0.400000000000000 0.5543723296638574
-0.300000000000000 0.6177523943159288
-0.200000000000000 0.6659174382248539
-0.100000000000000 0.6986705405366251
0.000000000000000 0.7213215277132325
0.100000000000000 0.7384422235793928
0.200000000000000 0.7525695154597069
0.300000000000000 0.764684353063951
0.400000000000000 0.7749821670857903
0.500000000000000 0.7835005013666478
0.600000000000000 0.790372522724058
0.700000000000000 0.7958251806230743
0.800000000000000 0.8001121822767018
0.900000000000000 0.8034676612835113
1.00000000000000 0.8060887164958946
1.10000000000000 0.7970538430220578
1.20000000000000 0.7842994148023626
1.30000000000000 0.768557274739447
1.40000000000000 0.7512063766967648
1.50000000000000 0.7336777053859941
1.60000000000000 0.7170500724213762
1.70000000000000 0.7019695017437964
1.80000000000000 0.6887100464642568
1.90000000000000 0.6772798439757614
2.00000000000000 0.6675346720722258
2.10000000000000 0.6592661047106273
2.20000000000000 0.6522549841351392
2.30000000000000 0.6462978310104347
2.40000000000000 0.6412169910683315
2.50000000000000 0.6368625535846988
2.60000000000000 0.6331101859475883
2.70000000000000 0.6298579262037728
2.80000000000000 0.6270224955209754
2.90000000000000 0.62453590649581
