-3.00000000000000 0.3124044872368229
-2.90000000000000 0.31240448841216484
-2.80000000000000 0.3124044891081416
-2.70000000000000 0.3124044895038782
-2.60000000000000 0.3124044897185302
-2.50000000000000 0.31240448982766356
-2.40000000000000 0.3124044898848334
-2.30000000000000 0.31240448990793734
-2.20000000000000 0.31240448968811413
-2.10000000000000 0.3124044903834274
-2.00000000000000 0.31240450925256597
-1.90000000000000 0.3124070616362442
-1.80000000000000 0.31242198090840295
-1.70000000000000 0.31243898618473764
-1.60000000000000 0.3124470995469289
-1.50000000000000 0.31244956724881673
-1.40000000000000 0.3124501273602885
-1.30000000000000 0.3124502285187467
-1.20000000000000 0.31245025005932203
-1.10000000000000 0.31245030987418965
-1.00000000000000 0.3124509102137908
-0.900000000000000 0.31245839353951105
-0.800000000000000 0.3125495285661217
-0.700000000000000 0.31350464225112007
-0.600000000000000 0.3146775722542854
-0.500000000000000 0.3149472686726781
-0.400000000000000 0.31914516562505496
-0.300000000000000 0.3749964992109076
-0.200000000000000 0.401567683048532
-0.100000000000000 0.4296157682309953
0.000000000000000 0.4396689454130409
0.100000000000000 0.4442184112419409
0.200000000000000 0.4442891191297707
0.300000000000000 0.4442896742481792
0.400000000000000 0.4442896797504896
0.500000000000000 0.4442896798291392
0.600000000000000 0.4442896798304019
0.700000000000000 0.4442896798306339
0.800000000000000 0.4442896798305337
0.900000000000000 0.4442896798305125
1.00000000000000 0.4442896798306342
1.10000000000000 0.4442896798305332
1.20000000000000 0.4442896798306347
1.30000000000000 0.4442896798305452
1.40000000000000 0.4442896798305605
1.50000000000000 0.44428967983051143
1.60000000000000 0.44428967983063383
1.70000000000000 0.4442896798305308
1.80000000000000 0.44428967983064327
1.90000000000000 0.4442896798306043
2.00000000000000 0.44428967983034157
2.10000000000000 0.44428967983002815
2.20000000000000 0.4442896798288104
2.30000000000000 0.4442896798256226
2.40000000000000 0.4442896798182203
2.50000000000000 0.4442896798024464
2.60000000000000 0.4442896797700162
2.70000000000000 0.4442896797071635
2.80000000000000 0.44428967959191645
2.90000000000000 0.4442896793888864
