-3.00000000000000 0.3125550399674758
-2.90000000000000 0.3125550399674758
-2.80000000000000 0.3125550399674758
-2.70000000000000 0.3125550399674758
-2.60000000000000 0.3125550399674758
-2.50000000000000 0.3125550399674758
-2.40000000000000 0.3125550399674758
-2.30000000000000 0.3125550399674758
-2.20000000000000 0.3125550399674758
-2.10000000000000 0.3125550399674758
-2.00000000000000 0.3125550399674758
-1.90000000000000 0.3125550399674758
-1.80000000000000 0.3125550399674758
-1.70000000000000 0.3125550399674758
-1.60000000000000 0.3125550399674758
-1.50000000000000 0.3125550399674758
-1.40000000000000 0.3125550399674758
-1.30000000000000 0.3125550399674758
-1.20000000000000 0.3125550399674758
-1.10000000000000 0.3125550399674758
-1.00000000000000 0.31296656957052416
-0.900000000000000 0.31296656957052416
-0.800000000000000 0.31296656957052416
-0.700000000000000 0.31296656957052416
-0.600000000000000 0.31296656957052416
-0.500000000000000 0.31296656957052416
-0.400000000000000 0.31296656957052416
-0.300000000000000 0.4342278824007586
-0.200000000000000 0.4342278824007586
-0.100000000000000 0.4342278824007586
0.000000000000000 0.44222801788375593
0.100000000000000 0.44222801788375593
0.200000000000000 0.44222801788375593
0.300000000000000 0.44222801788375593
0.400000000000000 0.44222801788375593
0.500000000000000 0.44222801788375593
0.600000000000000 0.44222801788375593
0.700000000000000 0.44222801788375593
0.800000000000000 0.44222801788375593
0.900000000000000 0.44222801788375593
1.00000000000000 0.44222801788375593
1.10000000000000 0.44222801788375593
1.20000000000000 0.44222801788375593
1.30000000000000 0.44222801788375593
1.40000000000000 0.44222801788375593
1.50000000000000 0.44222801788375593
1.60000000000000 0.44222801788375593
1.70000000000000 0.44222801788375593
1.80000000000000 0.44222801788375593
1.90000000000000 0.44222801788375593
2.00000000000000 0.44222801788375593
2.10000000000000 0.44222801788375593
2.20000000000000 0.44222801788375593
2.30000000000000 0.44222801788375593
2.40000000000000 0.44222801788375593
2.50000000000000 0.44222801788375593
2.60000000000000 0.44222801788375593
2.70000000000000 0.44222801788375593
2.80000000000000 0.44222801788375593
2.90000000000000 0.44222801788375593
