-3.00000000000000 0.3852476072911052
-2.90000000000000 0.3858431946210037
-2.80000000000000 0.3864909248216738
-2.70000000000000 0.3871979196604784
-2.60000000000000 0.38797265262209063
-2.50000000000000 0.3888252838792622
-2.40000000000000 0.3897680995453644
-2.30000000000000 0.39081609495428443
-2.20000000000000 0.3919877599261503
-2.10000000000000 0.3933061520935719
-2.00000000000000 0.3948003887110975
-1.90000000000000 0.3965077589975865
-1.80000000000000 0.39847677781669116
-1.70000000000000 0.4007717042054657
-1.60000000000000 0.4034794056726008
-1.50000000000000 0.40672010271499864
-1.40000000000000 0.41066477285023445
-1.30000000000000 0.4155644765173464
-1.20000000000000 0.4218020839718299
-1.10000000000000 0.42998849715183585
-1.00000000000000 0.4411530076919675
-0.900000000000000 0.4515686642557681
-0.800000000000000 0.46271674888981956
-0.700000000000000 0.4745549926738554
-0.600000000000000 0.48701469045518275
-0.500000000000000 0.5000000000000003
-0.400000000000000 0.5133897825395236
-0.300000000000000 0.5270423599676236
-0.200000000000000 0.5408030570536884
-0.100000000000000 0.5545137736057251
0.000000000000000 0.5680232780418986
0.100000000000000 0.5811966436059062
0.200000000000000 0.5939223970767501
0.300000000000000 0.6061164899438538
0.400000000000000 0.6177229420108624
0.500000000000000 0.6287116851500527
0.600000000000000 0.639074547332528
0.700000000000000 0.6488204013376633
0.800000000000000 0.6579703293186031
0.900000000000000 0.6665533582447923
1.00000000000000 0.6746030257074146
1.10000000000000 0.6587940866194105
1.20000000000000 0.6462277884412915
1.30000000000000 0.6360249059501374
1.40000000000000 0.6275894991937087
1.50000000000000 0.6205064879383564
1.60000000000000 0.6144792728939884
1.70000000000000 0.6092909447826312
1.80000000000000 0.6047795474272966
1.90000000000000 0.6008218973732413
2.00000000000000 0.5973227418886667
2.10000000000000 0.5942073298649448
2.20000000000000 0.5914162159568881
2.30000000000000 0.5889015580813156
2.40000000000000 0.5866244337185718
2.50000000000000 0.5845528641879629
2.60000000000000 0.5826603392991611
2.70000000000000 0.5809247012022846
2.80000000000000 0.5793272898121509
2.90000000000000 0.5778522812493221
