-1.000000 1.500000 0.385138 0.044614 0.000673  
-0.990000 1.500000 0.385331 0.044023 0.000515  
-0.980000 1.500000 0.385368 0.044614 0.000591  
-0.970000 1.500000 0.385640 0.044392 0.000589  
-0.960000 1.500000 0.385591 0.043456 0.000447  
-0.950000 1.500000 0.385834 0.044702 0.000572  
-0.940000 1.500000 0.385771 0.044495 0.000614  
-0.930000 1.500000 0.385978 0.044486 0.000586  
-0.920000 1.500000 0.386206 0.044343 0.000720  
-0.910000 1.500000 0.386283 0.044728 0.000583  
-0.900000 1.500000 0.386511 0.043689 0.000579  
-0.890000 1.500000 0.386504 0.044209 0.000551  
-0.880000 1.500000 0.386729 0.044292 0.000570  
-0.870000 1.500000 0.386914 0.044894 0.000520  
-0.860000 1.500000 0.387006 0.044500 0.000576  
-0.850000 1.500000 0.387279 0.044470 0.000541  
-0.840000 1.500000 0.387247 0.044564 0.000526  
-0.830000 1.500000 0.387451 0.044561 0.000609  
-0.820000 1.500000 0.387585 0.044879 0.000589  
-0.810000 1.500000 0.387645 0.044607 0.000615  
-0.800000 1.500000 0.388039 0.045250 0.000550  
-0.790000 1.500000 0.388069 0.044433 0.000545  
-0.780000 1.500000 0.388277 0.044426 0.000601  
-0.770000 1.500000 0.388590 0.045101 0.000600  
-0.760000 1.500000 0.388711 0.044095 0.000483  
-0.750000 1.500000 0.388777 0.044508 0.000607  
-0.740000 1.500000 0.388935 0.043715 0.000542  
-0.730000 1.500000 0.389201 0.044209 0.000642  
-0.720000 1.500000 0.389491 0.044828 0.000482  
-0.710000 1.500000 0.389694 0.044145 0.000594  
-0.700000 1.500000 0.389816 0.044895 0.000528  
-0.690000 1.500000 0.390033 0.044844 0.000641  
-0.680000 1.500000 0.390106 0.044567 0.000572  
-0.670000 1.500000 0.390500 0.045010 0.000659  
-0.660000 1.500000 0.390625 0.044958 0.000516  
-0.650000 1.500000 0.390973 0.044732 0.000567  
-0.640000 1.500000 0.391023 0.045127 0.000536  
-0.630000 1.500000 0.391453 0.044763 0.000593  
-0.620000 1.500000 0.391554 0.044576 0.000684  
-0.610000 1.500000 0.391933 0.044725 0.000554  
-0.600000 1.500000 0.391957 0.044921 0.000670  
-0.590000 1.500000 0.392266 0.044602 0.000481  
-0.580000 1.500000 0.392503 0.045346 0.000569  
-0.570000 1.500000 0.392693 0.045510 0.000600  
-0.560000 1.500000 0.393086 0.045104 0.000678  
-0.550000 1.500000 0.393496 0.044970 0.000607  
-0.540000 1.500000 0.393540 0.045106 0.000649  
-0.530000 1.500000 0.393826 0.045251 0.000704  
-0.520000 1.500000 0.394165 0.044741 0.000574  
-0.510000 1.500000 0.394580 0.044984 0.000622  
-0.500000 1.500000 0.394742 0.045480 0.000558  
-0.490000 1.500000 0.395304 0.045487 0.000591  
-0.480000 1.500000 0.395452 0.045578 0.000480  
-0.470000 1.500000 0.395893 0.045116 0.000617  
-0.460000 1.500000 0.396347 0.045264 0.000535  
-0.450000 1.500000 0.396535 0.045758 0.000491  
-0.440000 1.500000 0.396778 0.046060 0.000655  
-0.430000 1.500000 0.397249 0.045482 0.000648  
-0.420000 1.500000 0.397742 0.045635 0.000633  
-0.410000 1.500000 0.398338 0.045010 0.000662  
-0.400000 1.500000 0.398518 0.045907 0.000696  
-0.390000 1.500000 0.398993 0.045698 0.000682  
-0.380000 1.500000 0.399343 0.045722 0.000652  
-0.370000 1.500000 0.399929 0.045924 0.000615  
-0.360000 1.500000 0.400274 0.045586 0.000622  
-0.350000 1.500000 0.400933 0.045840 0.000519  
-0.340000 1.500000 0.401307 0.045385 0.000598  
-0.330000 1.500000 0.401815 0.046262 0.000678  
-0.320000 1.500000 0.402448 0.046055 0.000672  
-0.310000 1.500000 0.402914 0.046530 0.000579  
-0.300000 1.500000 0.403586 0.046691 0.000447  
-0.290000 1.500000 0.404084 0.046656 0.000613  
-0.280000 1.500000 0.404668 0.046251 0.000685  
-0.270000 1.500000 0.405443 0.046355 0.000669  
-0.260000 1.500000 0.405965 0.046593 0.000578  
-0.250000 1.500000 0.406640 0.046577 0.000554  
-0.240000 1.500000 0.407284 0.047261 0.000643  
-0.230000 1.500000 0.408195 0.046667 0.000609  
-0.220000 1.500000 0.408937 0.047239 0.000718  
-0.210000 1.500000 0.409708 0.046845 0.000688  
-0.200000 1.500000 0.410680 0.046366 0.000691  
-0.190000 1.500000 0.411388 0.047586 0.000693  
-0.180000 1.500000 0.412141 0.047193 0.000725  
-0.170000 1.500000 0.413141 0.047376 0.000690  
-0.160000 1.500000 0.413912 0.047561 0.000629  
-0.150000 1.500000 0.415380 0.048084 0.000693  
-0.140000 1.500000 0.416271 0.047238 0.000725  
-0.130000 1.500000 0.417418 0.048403 0.000694  
-0.120000 1.500000 0.418625 0.047875 0.000747  
-0.110000 1.500000 0.419704 0.048029 0.000682  
-0.100000 1.500000 0.421109 0.048441 0.000718  
-0.090000 1.500000 0.422726 0.048752 0.000799  
-0.080000 1.500000 0.424222 0.048352 0.000851  
-0.070000 1.500000 0.425497 0.048785 0.000825  
-0.060000 1.500000 0.426967 0.048727 0.000746  
-0.050000 1.500000 0.428588 0.048929 0.000741  
-0.040000 1.500000 0.430715 0.049054 0.000636  
-0.030000 1.500000 0.432565 0.048797 0.000873  
-0.020000 1.500000 0.434350 0.049864 0.000848  
-0.010000 1.500000 0.436833 0.049884 0.000758  
0.000000 1.500000 0.438908 0.049569 0.000749  
0.010000 1.500000 0.441037 0.049945 0.000772  
0.020000 1.500000 0.443038 0.050597 0.000882  
0.030000 1.500000 0.445408 0.049461 0.000809  
0.040000 1.500000 0.447888 0.050161 0.000965  
0.050000 1.500000 0.449845 0.049983 0.000844  
0.060000 1.500000 0.452232 0.049757 0.000669  
0.070000 1.500000 0.454429 0.050071 0.000820  
0.080000 1.500000 0.456610 0.050714 0.000945  
0.090000 1.500000 0.459157 0.050985 0.000764  
0.100000 1.500000 0.461522 0.050814 0.000775  
0.110000 1.500000 0.463936 0.050505 0.000976  
0.120000 1.500000 0.466369 0.049930 0.000910  
0.130000 1.500000 0.468799 0.050165 0.000882  
0.140000 1.500000 0.471005 0.050147 0.000822  
0.150000 1.500000 0.473814 0.050209 0.000954  
0.160000 1.500000 0.476355 0.050267 0.001023  
0.170000 1.500000 0.478895 0.050346 0.000685  
0.180000 1.500000 0.481526 0.050377 0.000701  
0.190000 1.500000 0.483950 0.050861 0.000827  
0.200000 1.500000 0.486268 0.050980 0.000944  
0.210000 1.500000 0.489087 0.050340 0.000761  
0.220000 1.500000 0.492090 0.049403 0.000912  
0.230000 1.500000 0.494695 0.050375 0.000806  
0.240000 1.500000 0.497317 0.049589 0.000959  
0.250000 1.500000 0.500061 0.049843 0.000754  
0.260000 1.500000 0.502610 0.049651 0.001010  
0.270000 1.500000 0.505387 0.049779 0.001005  
0.280000 1.500000 0.508311 0.049218 0.000949  
0.290000 1.500000 0.510920 0.050222 0.000814  
0.300000 1.500000 0.513773 0.049327 0.000878  
0.310000 1.500000 0.516673 0.050128 0.000789  
0.320000 1.500000 0.519100 0.049932 0.001086  
0.330000 1.500000 0.521949 0.049402 0.001065  
0.340000 1.500000 0.524672 0.049149 0.000695  
0.350000 1.500000 0.527480 0.049172 0.000849  
0.360000 1.500000 0.530207 0.048767 0.000957  
0.370000 1.500000 0.532950 0.049072 0.001104  
0.380000 1.500000 0.535727 0.048615 0.000838  
0.390000 1.500000 0.538840 0.049371 0.000868  
0.400000 1.500000 0.541102 0.048329 0.000856  
0.410000 1.500000 0.544007 0.047918 0.000813  
0.420000 1.500000 0.546662 0.048214 0.000855  
0.430000 1.500000 0.549398 0.048788 0.000757  
0.440000 1.500000 0.552383 0.047370 0.000856  
0.450000 1.500000 0.555443 0.047896 0.000810  
0.460000 1.500000 0.557821 0.047556 0.000921  
0.470000 1.500000 0.560351 0.047800 0.001003  
0.480000 1.500000 0.562872 0.047487 0.000965  
0.490000 1.500000 0.565779 0.048027 0.000873  
0.500000 1.500000 0.568473 0.047732 0.000873  
0.510000 1.500000 0.571283 0.047387 0.000900  
0.520000 1.500000 0.573609 0.046219 0.000810  
0.530000 1.500000 0.576336 0.046451 0.000838  
0.540000 1.500000 0.578627 0.045887 0.000871  
0.550000 1.500000 0.581431 0.046178 0.000843  
0.560000 1.500000 0.583977 0.045294 0.000951  
0.570000 1.500000 0.586226 0.045581 0.000981  
0.580000 1.500000 0.588987 0.045058 0.000988  
0.590000 1.500000 0.591425 0.045969 0.000789  
0.600000 1.500000 0.593897 0.046009 0.000921  
0.610000 1.500000 0.596297 0.045086 0.000833  
0.620000 1.500000 0.598740 0.044905 0.000854  
0.630000 1.500000 0.601102 0.045045 0.000815  
0.640000 1.500000 0.603374 0.044165 0.000847  
0.650000 1.500000 0.605859 0.043769 0.000767  
0.660000 1.500000 0.608034 0.043705 0.000774  
0.670000 1.500000 0.610118 0.043758 0.000752  
0.680000 1.500000 0.612675 0.043259 0.000865  
0.690000 1.500000 0.614744 0.044238 0.000733  
0.700000 1.500000 0.616888 0.043966 0.000727  
0.710000 1.500000 0.619037 0.043645 0.000822  
0.720000 1.500000 0.621230 0.043461 0.000843  
0.730000 1.500000 0.623529 0.042828 0.000806  
0.740000 1.500000 0.625491 0.043203 0.000834  
0.750000 1.500000 0.627542 0.042630 0.000907  
0.760000 1.500000 0.629419 0.042348 0.000772  
0.770000 1.500000 0.631723 0.042014 0.000877  
0.780000 1.500000 0.633742 0.042148 0.000832  
0.790000 1.500000 0.635620 0.042709 0.000827  
0.800000 1.500000 0.637631 0.041648 0.000875  
0.810000 1.500000 0.639233 0.041866 0.000821  
0.820000 1.500000 0.641318 0.041217 0.000717  
0.830000 1.500000 0.643302 0.041583 0.000768  
0.840000 1.500000 0.644777 0.040670 0.000839  
0.850000 1.500000 0.647036 0.040555 0.000930  
0.860000 1.500000 0.648526 0.040545 0.000706  
0.870000 1.500000 0.650262 0.040470 0.000879  
0.880000 1.500000 0.652233 0.040433 0.000859  
0.890000 1.500000 0.653795 0.040551 0.000807  
0.900000 1.500000 0.655619 0.040230 0.000801  
0.910000 1.500000 0.657000 0.038813 0.000713  
0.920000 1.500000 0.658857 0.040212 0.000726  
0.930000 1.500000 0.660541 0.039464 0.000782  
0.940000 1.500000 0.662050 0.038818 0.000734  
0.950000 1.500000 0.663531 0.039350 0.000755  
0.960000 1.500000 0.665236 0.039170 0.000679  
0.970000 1.500000 0.666686 0.038989 0.000772  
0.980000 1.500000 0.668054 0.038668 0.000820  
0.990000 1.500000 0.669672 0.038440 0.000876  
1.000000 1.500000 0.671070 0.038028 0.000863  
1.010000 1.500000 0.667499 0.038003 0.000776  
1.020000 1.500000 0.663927 0.038438 0.000664  
1.030000 1.500000 0.660694 0.037531 0.000724  
1.040000 1.500000 0.657631 0.037691 0.000646  
1.050000 1.500000 0.654615 0.037775 0.000810  
1.060000 1.500000 0.651734 0.037938 0.000750  
1.070000 1.500000 0.649144 0.037580 0.000703  
1.080000 1.500000 0.646378 0.037779 0.000744  
1.090000 1.500000 0.643981 0.037749 0.000651  
1.100000 1.500000 0.641568 0.038225 0.000653  
1.110000 1.500000 0.639356 0.037764 0.000687  
1.120000 1.500000 0.637307 0.038114 0.000648  
1.130000 1.500000 0.635097 0.038283 0.000730  
1.140000 1.500000 0.633073 0.037670 0.000641  
1.150000 1.500000 0.631232 0.037532 0.000541  
1.160000 1.500000 0.629182 0.038028 0.000689  
1.170000 1.500000 0.627483 0.037490 0.000605  
1.180000 1.500000 0.625690 0.037574 0.000662  
1.190000 1.500000 0.624002 0.037831 0.000616  
1.200000 1.500000 0.622530 0.037743 0.000680  
1.210000 1.500000 0.620884 0.037101 0.000654  
1.220000 1.500000 0.619361 0.037407 0.000784  
1.230000 1.500000 0.617821 0.037726 0.000604  
1.240000 1.500000 0.616536 0.036887 0.000789  
1.250000 1.500000 0.615278 0.037452 0.000690  
1.260000 1.500000 0.613724 0.037133 0.000631  
1.270000 1.500000 0.612500 0.036934 0.000677  
1.280000 1.500000 0.611419 0.037288 0.000605  
1.290000 1.500000 0.610172 0.037533 0.000590  
1.300000 1.500000 0.608992 0.037400 0.000663  
1.310000 1.500000 0.607913 0.037409 0.000638  
1.320000 1.500000 0.606688 0.036658 0.000546  
1.330000 1.500000 0.605782 0.036738 0.000482  
1.340000 1.500000 0.604730 0.037252 0.000602  
1.350000 1.500000 0.603647 0.037066 0.000588  
1.360000 1.500000 0.602835 0.036972 0.000698  
1.370000 1.500000 0.601635 0.037409 0.000571  
1.380000 1.500000 0.600927 0.037092 0.000499  
1.390000 1.500000 0.600039 0.036988 0.000572  
1.400000 1.500000 0.599179 0.036674 0.000551  
1.410000 1.500000 0.598382 0.036882 0.000544  
1.420000 1.500000 0.597345 0.036978 0.000627  
1.430000 1.500000 0.596578 0.036757 0.000495  
1.440000 1.500000 0.595891 0.036418 0.000667  
1.450000 1.500000 0.595159 0.036829 0.000553  
1.460000 1.500000 0.594430 0.036325 0.000646  
1.470000 1.500000 0.593574 0.036886 0.000666  
1.480000 1.500000 0.592911 0.036484 0.000574  
1.490000 1.500000 0.592166 0.036694 0.000527  
1.500000 1.500000 0.591467 0.036324 0.000628  
1.510000 1.500000 0.590974 0.037467 0.000649  
1.520000 1.500000 0.590208 0.036532 0.000541  
1.530000 1.500000 0.589630 0.036380 0.000606  
1.540000 1.500000 0.588942 0.037191 0.000572  
1.550000 1.500000 0.588342 0.036641 0.000636  
1.560000 1.500000 0.588017 0.036372 0.000614  
1.570000 1.500000 0.587301 0.036285 0.000623  
1.580000 1.500000 0.586678 0.036365 0.000500  
1.590000 1.500000 0.586138 0.036526 0.000587  
1.600000 1.500000 0.585719 0.036718 0.000622  
1.610000 1.500000 0.585081 0.036353 0.000534  
1.620000 1.500000 0.584597 0.036319 0.000611  
1.630000 1.500000 0.584059 0.036764 0.000611  
1.640000 1.500000 0.583693 0.036555 0.000587  
1.650000 1.500000 0.583218 0.036247 0.000535  
1.660000 1.500000 0.582732 0.036686 0.000548  
1.670000 1.500000 0.582214 0.036061 0.000673  
1.680000 1.500000 0.581759 0.036308 0.000531  
1.690000 1.500000 0.581223 0.037033 0.000522  
1.700000 1.500000 0.580783 0.036273 0.000555  
1.710000 1.500000 0.580567 0.036915 0.000642  
1.720000 1.500000 0.579972 0.036344 0.000586  
1.730000 1.500000 0.579702 0.036180 0.000511  
1.740000 1.500000 0.579110 0.036087 0.000549  
1.750000 1.500000 0.578755 0.036299 0.000658  
1.760000 1.500000 0.578319 0.036554 0.000503  
1.770000 1.500000 0.577873 0.036343 0.000603  
1.780000 1.500000 0.577681 0.036432 0.000536  
1.790000 1.500000 0.577318 0.036065 0.000534  
1.800000 1.500000 0.576958 0.036246 0.000567  
1.810000 1.500000 0.576599 0.036278 0.000448  
1.820000 1.500000 0.576234 0.036486 0.000535  
1.830000 1.500000 0.575966 0.035752 0.000601  
1.840000 1.500000 0.575439 0.036064 0.000590  
1.850000 1.500000 0.575092 0.036086 0.000635  
1.860000 1.500000 0.575050 0.035818 0.000517  
1.870000 1.500000 0.574448 0.036312 0.000576  
1.880000 1.500000 0.574191 0.035742 0.000462  
1.890000 1.500000 0.573925 0.036154 0.000569  
1.900000 1.500000 0.573549 0.036216 0.000494  
1.910000 1.500000 0.573263 0.036420 0.000596  
1.920000 1.500000 0.573079 0.036442 0.000574  
1.930000 1.500000 0.572770 0.035806 0.000471  
1.940000 1.500000 0.572479 0.036464 0.000567  
1.950000 1.500000 0.572279 0.036209 0.000583  
1.960000 1.500000 0.571917 0.036225 0.000556  
1.970000 1.500000 0.571751 0.036219 0.000541  
1.980000 1.500000 0.571278 0.035961 0.000591  
1.990000 1.500000 0.571073 0.036187 0.000635  
