0.000000000000000 0.09999999999999999
0.0200000000000000 0.10000000000153189
0.0400000000000000 0.10000065984172193
0.0600000000000000 0.10016017701604935
0.0800000000000000 0.10520944697543831
0.100000000000000 0.15162253993321212
0.120000000000000 0.3293477216495643
0.140000000000000 0.4832441109395916
0.160000000000000 0.4998605857657103
0.180000000000000 0.4999999471481095
0.200000000000000 0.49999999965489444
0.220000000000000 0.5000000000707651
0.240000000000000 0.5000000000000422
0.260000000000000 0.5000000000008014
0.280000000000000 0.5000000000000361
0.300000000000000 0.499999999999567
0.320000000000000 0.5000000000000174
0.340000000000000 0.5000000000002547
0.360000000000000 0.49999999999999867
0.380000000000000 0.499999999999999
0.400000000000000 0.5000000000000003
0.420000000000000 0.4999999999999992
0.440000000000000 0.5000000000000334
0.460000000000000 0.5000000000000002
0.480000000000000 0.5000000000000047
0.500000000000000 0.49999999999999994
0.520000000000000 0.49999999999999983
0.540000000000000 0.5
0.560000000000000 0.49999999999999817
0.580000000000000 0.5000000000000003
0.600000000000000 0.5000000000000006
0.620000000000000 0.5000000000000001
0.640000000000000 0.5
0.660000000000000 0.5000000000000001
0.680000000000000 0.49999999999999994
0.700000000000000 0.5000000000000016
0.720000000000000 0.5000000000000001
0.740000000000000 0.4999999999999999
0.760000000000000 0.4999999999999997
0.780000000000000 0.49999999999999933
0.800000000000000 0.4999999999999999
0.820000000000000 0.5
0.840000000000000 0.5
0.860000000000000 0.5
0.880000000000000 0.4999999999999997
0.900000000000000 0.5
0.920000000000000 0.49999999999999994
0.940000000000000 0.5
0.960000000000000 0.5000000000000001
0.980000000000000 0.49999999999999994
1.00000000000000 0.5000000000000001
