0.000000000000000 0.009036715892171974
0.0200000000000000 0.009559474169087399
0.0400000000000000 0.0202321863589657
0.0600000000000000 0.1525539028084108
0.0800000000000000 0.48229804355229705
0.100000000000000 0.499999057021223
0.120000000000000 0.4999999961913052
0.140000000000000 0.5000000002658779
0.160000000000000 0.4999999996494435
0.180000000000000 0.49999999999751665
0.200000000000000 0.4999999999991934
0.220000000000000 0.49999999999896905
0.240000000000000 0.49999999999999867
0.260000000000000 0.5000000000034243
0.280000000000000 0.499999999999999
0.300000000000000 0.499999999999996
0.320000000000000 0.5000000000000003
0.340000000000000 0.5000000000000624
0.360000000000000 0.5000000000000001
0.380000000000000 0.5000000000001341
0.400000000000000 0.500000000000005
0.420000000000000 0.49999999999999933
0.440000000000000 0.49999999999999933
0.460000000000000 0.5
0.480000000000000 0.5000000000000002
0.500000000000000 0.5
0.520000000000000 0.5
0.540000000000000 0.5
0.560000000000000 0.5000000000000002
0.580000000000000 0.5
0.600000000000000 0.5000000000000001
0.620000000000000 0.5000000000000002
0.640000000000000 0.4999999999999994
0.660000000000000 0.49999999999999994
0.680000000000000 0.5
0.700000000000000 0.5000000000010957
0.720000000000000 0.5000000000000001
0.740000000000000 0.49999999999999994
0.760000000000000 0.5
0.780000000000000 0.5
0.800000000000000 0.5
0.820000000000000 0.5
0.840000000000000 0.49999999999999994
0.860000000000000 0.5000000000000002
0.880000000000000 0.5000000000000001
0.900000000000000 0.5
0.920000000000000 0.5
0.940000000000000 0.5
0.960000000000000 0.49999999999999994
0.980000000000000 0.4999999999999999
1.00000000000000 0.49999999999999994
