0.000000000000000 0.10121934697195477
0.0200000000000000 0.10132906989540431
0.0400000000000000 0.11111599742310811
0.0600000000000000 0.12100602718929672
0.0800000000000000 0.19042866125967717
0.100000000000000 0.34265512656425207
0.120000000000000 0.732581090714693
0.140000000000000 0.9562448282843626
0.160000000000000 0.9598153943582644
0.180000000000000 0.9441134495581182
0.200000000000000 0.9269392010708561
0.220000000000000 0.9087713296991529
0.240000000000000 0.8899908616334762
0.260000000000000 0.8709674268873416
0.280000000000000 0.8520449796796331
0.300000000000000 0.8335210072987933
0.320000000000000 0.8156319069704074
0.340000000000000 0.7985484802644389
0.360000000000000 0.7823800207052971
0.380000000000000 0.7671835576161459
0.400000000000000 0.7529750365708026
0.420000000000000 0.7397402300710919
0.440000000000000 0.7274442035274077
0.460000000000000 0.7160389154467844
0.480000000000000 0.7054689787147588
0.500000000000000 0.6956758251429738
0.520000000000000 0.6866005848574939
0.540000000000000 0.6781859835209575
0.560000000000000 0.6703775176905484
0.580000000000000 0.6631241165833266
0.600000000000000 0.6563784492888636
0.620000000000000 0.6500969948802824
0.640000000000000 0.6442399599259753
0.660000000000000 0.6387711028636339
0.680000000000000 0.6336575062115257
0.700000000000000 0.6288693242379675
0.720000000000000 0.6243795242313165
0.740000000000000 0.6201636328875997
0.760000000000000 0.616199494770028
0.780000000000000 0.612467046701284
0.800000000000000 0.6089481098904963
0.820000000000000 0.6056262002584119
0.840000000000000 0.6024863565823283
0.860000000000000 0.5995149855786305
0.880000000000000 0.5966997227643824
0.900000000000000 0.5940293078132315
0.920000000000000 0.591493473091657
0.940000000000000 0.5890828440929294
0.960000000000000 0.5867888505533851
0.980000000000000 0.5846036471222499
1.00000000000000 0.5825200425514359
