0.000000000000000 0.00013548299688388976
0.0200000000000000 1.3599574563661141e-05
0.0400000000000000 1.7027912857665186e-05
0.0600000000000000 0.00024413892595681011
0.0800000000000000 0.001911432245621285
0.100000000000000 0.00652565472265975
0.120000000000000 0.01448775548627666
0.140000000000000 0.02512185249924068
0.160000000000000 0.037410119081562096
0.180000000000000 0.050497201707545104
0.200000000000000 0.0638237388994544
0.220000000000000 0.07707590510357848
0.240000000000000 0.09009726590558198
0.260000000000000 0.10281840592892513
0.280000000000000 0.1152125133382849
0.300000000000000 0.1272707912343881
0.320000000000000 0.13899029817418657
0.340000000000000 0.1503687940019701
0.360000000000000 0.16140319765505537
0.380000000000000 0.17208970042540359
0.400000000000000 0.182424477044697
0.420000000000000 0.19240446666324545
0.440000000000000 0.20202799443951247
0.460000000000000 0.2112951642814423
0.480000000000000 0.22020803201110434
0.500000000000000 0.22877060114129344
0.520000000000000 0.23698869179969084
0.540000000000000 0.24486972964340356
0.560000000000000 0.2524224930150428
0.580000000000000 0.2596568469453885
0.600000000000000 0.26658348378322083
0.620000000000000 0.27321368297732546
0.640000000000000 0.27955909698817943
0.660000000000000 0.28563156631174325
0.680000000000000 0.29144296388434787
0.700000000000000 0.29700506741638244
0.720000000000000 0.3023294572114279
0.740000000000000 0.3074274365499977
0.760000000000000 0.3123099715841908
0.780000000000000 0.316987647775435
0.800000000000000 0.32147064012171783
0.820000000000000 0.32576869470081504
0.840000000000000 0.32989111936041193
0.860000000000000 0.33384678168833154
0.880000000000000 0.3376441126806235
0.900000000000000 0.34129111478369456
0.920000000000000 0.34479537321543996
0.940000000000000 0.34816406966900487
0.960000000000000 0.35140399767275543
0.980000000000000 0.3545215790236537
1.00000000000000 0.35752288083136025
