-1.000000 1.500000 0.310679 0.039641 0.000458  
-0.990000 1.500000 0.310794 0.039815 0.000518  
-0.980000 1.500000 0.310883 0.039755 0.000478  
-0.970000 1.500000 0.310882 0.040258 0.000512  
-0.960000 1.500000 0.310900 0.040390 0.000510  
-0.950000 1.500000 0.310961 0.039824 0.000555  
-0.940000 1.500000 0.310880 0.039960 0.000628  
-0.930000 1.500000 0.310840 0.040161 0.000684  
-0.920000 1.500000 0.311100 0.039737 0.000631  
-0.910000 1.500000 0.310991 0.040176 0.000544  
-0.900000 1.500000 0.311152 0.040566 0.000484  
-0.890000 1.500000 0.311115 0.040046 0.000533  
-0.880000 1.500000 0.311209 0.040120 0.000493  
-0.870000 1.500000 0.311292 0.040570 0.000537  
-0.860000 1.500000 0.311172 0.040097 0.000568  
-0.850000 1.500000 0.311285 0.040089 0.000724  
-0.840000 1.500000 0.311305 0.040070 0.000562  
-0.830000 1.500000 0.311526 0.039892 0.000572  
-0.820000 1.500000 0.311459 0.040152 0.000484  
-0.810000 1.500000 0.311501 0.040371 0.000544  
-0.800000 1.500000 0.311720 0.039777 0.000591  
-0.790000 1.500000 0.311383 0.040255 0.000617  
-0.780000 1.500000 0.311653 0.039989 0.000583  
-0.770000 1.500000 0.311660 0.039658 0.000501  
-0.760000 1.500000 0.311801 0.040525 0.000607  
-0.750000 1.500000 0.311922 0.040867 0.000498  
-0.740000 1.500000 0.311849 0.039950 0.000653  
-0.730000 1.500000 0.311871 0.040673 0.000480  
-0.720000 1.500000 0.311973 0.039892 0.000537  
-0.710000 1.500000 0.311980 0.039949 0.000598  
-0.700000 1.500000 0.312239 0.039816 0.000474  
-0.690000 1.500000 0.312240 0.039807 0.000528  
-0.680000 1.500000 0.312105 0.039636 0.000401  
-0.670000 1.500000 0.312335 0.039704 0.000471  
-0.660000 1.500000 0.312481 0.039729 0.000542  
-0.650000 1.500000 0.312620 0.040223 0.000446  
-0.640000 1.500000 0.312589 0.040096 0.000493  
-0.630000 1.500000 0.312712 0.039688 0.000612  
-0.620000 1.500000 0.312672 0.040213 0.000594  
-0.610000 1.500000 0.312747 0.040490 0.000534  
-0.600000 1.500000 0.312801 0.040548 0.000481  
-0.590000 1.500000 0.312985 0.039897 0.000570  
-0.580000 1.500000 0.312976 0.039920 0.000523  
-0.570000 1.500000 0.313231 0.039805 0.000591  
-0.560000 1.500000 0.313388 0.039404 0.000543  
-0.550000 1.500000 0.313381 0.039690 0.000584  
-0.540000 1.500000 0.313448 0.040135 0.000643  
-0.530000 1.500000 0.313771 0.040369 0.000603  
-0.520000 1.500000 0.313620 0.040191 0.000531  
-0.510000 1.500000 0.313863 0.039838 0.000578  
-0.500000 1.500000 0.314095 0.040061 0.000545  
-0.490000 1.500000 0.313994 0.040141 0.000610  
-0.480000 1.500000 0.314123 0.040330 0.000645  
-0.470000 1.500000 0.314301 0.039978 0.000580  
-0.460000 1.500000 0.314652 0.039902 0.000526  
-0.450000 1.500000 0.314564 0.039776 0.000438  
-0.440000 1.500000 0.314747 0.039896 0.000561  
-0.430000 1.500000 0.314871 0.040225 0.000525  
-0.420000 1.500000 0.314950 0.040229 0.000469  
-0.410000 1.500000 0.315366 0.039767 0.000593  
-0.400000 1.500000 0.315517 0.040024 0.000469  
-0.390000 1.500000 0.315440 0.039525 0.000547  
-0.380000 1.500000 0.315766 0.040270 0.000583  
-0.370000 1.500000 0.315853 0.040148 0.000607  
-0.360000 1.500000 0.316199 0.040056 0.000481  
-0.350000 1.500000 0.316473 0.039832 0.000486  
-0.340000 1.500000 0.316598 0.039825 0.000577  
-0.330000 1.500000 0.316773 0.040253 0.000597  
-0.320000 1.500000 0.317098 0.039602 0.000619  
-0.310000 1.500000 0.317239 0.040064 0.000474  
-0.300000 1.500000 0.317568 0.040082 0.000654  
-0.290000 1.500000 0.317921 0.039911 0.000535  
-0.280000 1.500000 0.318184 0.039744 0.000503  
-0.270000 1.500000 0.318457 0.039939 0.000410  
-0.260000 1.500000 0.318975 0.039630 0.000590  
-0.250000 1.500000 0.319244 0.039786 0.000546  
-0.240000 1.500000 0.319595 0.039824 0.000488  
-0.230000 1.500000 0.319939 0.039844 0.000465  
-0.220000 1.500000 0.320368 0.040073 0.000512  
-0.210000 1.500000 0.320811 0.040193 0.000647  
-0.200000 1.500000 0.321006 0.040413 0.000598  
-0.190000 1.500000 0.321556 0.039992 0.000573  
-0.180000 1.500000 0.322190 0.040328 0.000567  
-0.170000 1.500000 0.322830 0.039534 0.000583  
-0.160000 1.500000 0.323272 0.039566 0.000471  
-0.150000 1.500000 0.323771 0.039652 0.000578  
-0.140000 1.500000 0.324559 0.039887 0.000567  
-0.130000 1.500000 0.325206 0.040170 0.000510  
-0.120000 1.500000 0.325916 0.039791 0.000643  
-0.110000 1.500000 0.326521 0.039636 0.000546  
-0.100000 1.500000 0.327532 0.040071 0.000550  
-0.090000 1.500000 0.328308 0.040453 0.000526  
-0.080000 1.500000 0.329236 0.039404 0.000613  
-0.070000 1.500000 0.330443 0.040391 0.000537  
-0.060000 1.500000 0.331513 0.040230 0.000609  
-0.050000 1.500000 0.332907 0.040048 0.000626  
-0.040000 1.500000 0.334034 0.040028 0.000529  
-0.030000 1.500000 0.335574 0.040036 0.000585  
-0.020000 1.500000 0.336945 0.040351 0.000639  
-0.010000 1.500000 0.338631 0.040105 0.000521  
0.000000 1.500000 0.340627 0.040236 0.000605  
0.010000 1.500000 0.342530 0.040216 0.000535  
0.020000 1.500000 0.344721 0.040799 0.000548  
0.030000 1.500000 0.347157 0.040145 0.000558  
0.040000 1.500000 0.349458 0.040652 0.000570  
0.050000 1.500000 0.352203 0.040336 0.000714  
0.060000 1.500000 0.354944 0.040488 0.000480  
0.070000 1.500000 0.357793 0.041345 0.000642  
0.080000 1.500000 0.360826 0.041018 0.000710  
0.090000 1.500000 0.364285 0.040942 0.000653  
0.100000 1.500000 0.367804 0.041633 0.000637  
0.110000 1.500000 0.371656 0.042077 0.000667  
0.120000 1.500000 0.375926 0.041428 0.000727  
0.130000 1.500000 0.380283 0.041605 0.000778  
0.140000 1.500000 0.385041 0.041718 0.000818  
0.150000 1.500000 0.390747 0.043304 0.000752  
0.160000 1.500000 0.396381 0.041938 0.000861  
0.170000 1.500000 0.402970 0.043302 0.000812  
0.180000 1.500000 0.410485 0.044392 0.001078  
0.190000 1.500000 0.418448 0.044199 0.001291  
0.200000 1.500000 0.427941 0.045634 0.001303  
0.210000 1.500000 0.438645 0.044271 0.001590  
0.220000 1.500000 0.450624 0.046590 0.001962  
0.230000 1.500000 0.465160 0.049063 0.002031  
0.240000 1.500000 0.481280 0.050632 0.002289  
0.250000 1.500000 0.500187 0.049695 0.002956  
0.260000 1.500000 0.520519 0.049674 0.002936  
0.270000 1.500000 0.541523 0.052382 0.003812  
0.280000 1.500000 0.566257 0.051313 0.005394  
0.290000 1.500000 0.589073 0.049885 0.006226  
0.300000 1.500000 0.611241 0.047339 0.006044  
0.310000 1.500000 0.635240 0.048548 0.007746  
0.320000 1.500000 0.654829 0.047443 0.006402  
0.330000 1.500000 0.675512 0.046583 0.006122  
0.340000 1.500000 0.693304 0.040224 0.007324  
0.350000 1.500000 0.708962 0.042268 0.007167  
0.360000 1.500000 0.723540 0.051499 0.009763  
0.370000 1.500000 0.738278 0.043791 0.007241  
0.380000 1.500000 0.748629 0.035682 0.007268  
0.390000 1.500000 0.763457 0.040582 0.009687  
0.400000 1.500000 0.771280 0.034988 0.007202  
0.410000 1.500000 0.780547 0.035062 0.008936  
0.420000 1.500000 0.788820 0.033914 0.010919  
0.430000 1.500000 0.797477 0.028987 0.009687  
0.440000 1.500000 0.807465 0.036925 0.009901  
0.450000 1.500000 0.812595 0.032626 0.010963  
0.460000 1.500000 0.817062 0.034094 0.009698  
0.470000 1.500000 0.822121 0.031905 0.012934  
0.480000 1.500000 0.832153 0.024487 0.012249  
0.490000 1.500000 0.837189 0.037455 0.009704  
0.500000 1.500000 0.840511 0.029533 0.012205  
0.510000 1.500000 0.843782 0.028220 0.011121  
0.520000 1.500000 0.846291 0.031935 0.011410  
0.530000 1.500000 0.853248 0.024566 0.010509  
0.540000 1.500000 0.855181 0.020725 0.012696  
0.550000 1.500000 0.854410 0.033248 0.010592  
0.560000 1.500000 0.855419 0.033096 0.011626  
0.570000 1.500000 0.862389 0.034923 0.013137  
0.580000 1.500000 0.858101 0.024414 0.012630  
0.590000 1.500000 0.862976 0.020531 0.014025  
0.600000 1.500000 0.865582 0.030967 0.011735  
0.610000 1.500000 0.866296 0.026815 0.011900  
0.620000 1.500000 0.869511 0.017939 0.013489  
0.630000 1.500000 0.869575 0.023678 0.013995  
0.640000 1.500000 0.869531 0.032279 0.018147  
0.650000 1.500000 0.872557 0.021358 0.012169  
0.660000 1.500000 0.871207 0.016369 0.014081  
0.670000 1.500000 0.866527 0.019421 0.015010  
0.680000 1.500000 0.867389 0.029035 0.014456  
0.690000 1.500000 0.865700 0.015991 0.015138  
0.700000 1.500000 0.862275 0.024639 0.014988  
0.710000 1.500000 0.868626 0.021068 0.015559  
0.720000 1.500000 0.867169 0.027281 0.019173  
0.730000 1.500000 0.863087 0.034016 0.019703  
0.740000 1.500000 0.862947 0.025352 0.016747  
0.750000 1.500000 0.865850 0.020757 0.017546  
0.760000 1.500000 0.861276 0.020858 0.017701  
0.770000 1.500000 0.863042 0.013781 0.019099  
0.780000 1.500000 0.862344 0.046166 0.017044  
0.790000 1.500000 0.857624 0.021982 0.022185  
0.800000 1.500000 0.853036 0.022682 0.017095  
0.810000 1.500000 0.860928 0.030041 0.021966  
0.820000 1.500000 0.853533 0.025405 0.016985  
0.830000 1.500000 0.852783 0.015468 0.019323  
0.840000 1.500000 0.844926 0.025994 0.022163  
0.850000 1.500000 0.843116 0.012341 0.024223  
0.860000 1.500000 0.845089 0.013901 0.020848  
0.870000 1.500000 0.843466 0.013770 0.028803  
0.880000 1.500000 0.832558 0.008996 0.025251  
0.890000 1.500000 0.829823 0.028530 0.029704  
0.900000 1.500000 0.836209 0.028295 0.023281  
0.910000 1.500000 0.838365 0.013798 0.022386  
0.920000 1.500000 0.838021 0.018004 0.026485  
0.930000 1.500000 0.833640 0.012773 0.021522  
0.940000 1.500000 0.827661 0.011954 0.028292  
0.950000 1.500000 0.827325 0.016107 0.024089  
0.960000 1.500000 0.826753 0.017373 0.026883  
0.970000 1.500000 0.829567 0.028477 0.024737  
0.980000 1.500000 0.820327 0.022784 0.027779  
0.990000 1.500000 0.812409 0.017148 0.024947  
1.000000 1.500000 0.813060 0.040050 0.032461  
1.010000 1.500000 0.802141 0.024387 0.027158  
1.020000 1.500000 0.797142 0.016780 0.028662  
1.030000 1.500000 0.784655 0.026135 0.031986  
1.040000 1.500000 0.779540 0.014337 0.033805  
1.050000 1.500000 0.765816 0.026547 0.030628  
1.060000 1.500000 0.762826 0.013019 0.024060  
1.070000 1.500000 0.757979 0.025091 0.029558  
1.080000 1.500000 0.743794 0.032204 0.031509  
1.090000 1.500000 0.742810 0.017898 0.029972  
1.100000 1.500000 0.740350 0.030080 0.031667  
1.110000 1.500000 0.728279 0.027726 0.031609  
1.120000 1.500000 0.730968 0.015300 0.030753  
1.130000 1.500000 0.720973 0.036491 0.029784  
1.140000 1.500000 0.718604 0.019039 0.031730  
1.150000 1.500000 0.716360 0.014287 0.026573  
1.160000 1.500000 0.705337 0.018192 0.038139  
1.170000 1.500000 0.709959 0.022557 0.026908  
1.180000 1.500000 0.708078 0.036803 0.028906  
1.190000 1.500000 0.707602 0.022603 0.027208  
1.200000 1.500000 0.698265 0.031872 0.024018  
1.210000 1.500000 0.696320 0.029757 0.035365  
1.220000 1.500000 0.686420 0.021608 0.046451  
1.230000 1.500000 0.698571 0.044518 0.033113  
1.240000 1.500000 0.689612 0.060144 0.039381  
1.250000 1.500000 0.695741 0.028518 0.028979  
1.260000 1.500000 0.692363 0.018311 0.025080  
1.270000 1.500000 0.683328 0.023347 0.038705  
1.280000 1.500000 0.683957 0.040502 0.030843  
1.290000 1.500000 0.690729 0.023702 0.029713  
1.300000 1.500000 0.681604 0.020508 0.032755  
1.310000 1.500000 0.683404 0.034546 0.033886  
1.320000 1.500000 0.686659 0.037750 0.028409  
1.330000 1.500000 0.678168 0.027773 0.030161  
1.340000 1.500000 0.681591 0.015880 0.029621  
1.350000 1.500000 0.682640 0.018530 0.030767  
1.360000 1.500000 0.674181 0.045108 0.035127  
1.370000 1.500000 0.681685 0.031917 0.023429  
1.380000 1.500000 0.689258 0.019296 0.024233  
1.390000 1.500000 0.677735 0.029411 0.031934  
1.400000 1.500000 0.675537 0.037166 0.029152  
1.410000 1.500000 0.673057 0.025232 0.029278  
1.420000 1.500000 0.679017 0.021281 0.022666  
1.430000 1.500000 0.677570 0.034801 0.029287  
1.440000 1.500000 0.674723 0.016993 0.024927  
1.450000 1.500000 0.679223 0.032864 0.023561  
1.460000 1.500000 0.668955 0.034149 0.029686  
1.470000 1.500000 0.670627 0.021963 0.027114  
1.480000 1.500000 0.675771 0.033914 0.022968  
1.490000 1.500000 0.672917 0.019311 0.024687  
1.500000 1.500000 0.672287 0.010981 0.025964  
1.510000 1.500000 0.663487 0.036058 0.027163  
1.520000 1.500000 0.666168 0.035875 0.026604  
1.530000 1.500000 0.669936 0.017398 0.022596  
1.540000 1.500000 0.671192 0.024732 0.026341  
1.550000 1.500000 0.664051 0.026744 0.039483  
1.560000 1.500000 0.669420 0.029481 0.025939  
1.570000 1.500000 0.666556 0.028244 0.024925  
1.580000 1.500000 0.666703 0.018331 0.025591  
1.590000 1.500000 0.666123 0.022739 0.021630  
1.600000 1.500000 0.665401 0.022448 0.020986  
1.610000 1.500000 0.673392 0.026332 0.025195  
1.620000 1.500000 0.666607 0.012634 0.026824  
1.630000 1.500000 0.666160 0.024828 0.024693  
1.640000 1.500000 0.663596 0.033751 0.021959  
1.650000 1.500000 0.668809 0.032789 0.016908  
1.660000 1.500000 0.666611 0.039586 0.020875  
1.670000 1.500000 0.668698 0.024419 0.025135  
1.680000 1.500000 0.667832 0.039186 0.022043  
1.690000 1.500000 0.662398 0.025025 0.023263  
1.700000 1.500000 0.657324 0.032905 0.025889  
1.710000 1.500000 0.664477 0.024699 0.028760  
1.720000 1.500000 0.665433 0.031148 0.021749  
1.730000 1.500000 0.668209 0.025946 0.018289  
1.740000 1.500000 0.660245 0.024467 0.026997  
1.750000 1.500000 0.659471 0.015546 0.029283  
1.760000 1.500000 0.663691 0.031928 0.021999  
1.770000 1.500000 0.662339 0.028896 0.023702  
1.780000 1.500000 0.660813 0.033877 0.024610  
1.790000 1.500000 0.660595 0.029424 0.021129  
1.800000 1.500000 0.662868 0.019952 0.021648  
1.810000 1.500000 0.660886 0.027498 0.026158  
1.820000 1.500000 0.665527 0.014387 0.022605  
1.830000 1.500000 0.661594 0.031360 0.018235  
1.840000 1.500000 0.656336 0.022222 0.022039  
1.850000 1.500000 0.662214 0.020488 0.018255  
1.860000 1.500000 0.663053 0.025473 0.019687  
1.870000 1.500000 0.660661 0.016937 0.022868  
1.880000 1.500000 0.660060 0.023030 0.021290  
1.890000 1.500000 0.658349 0.023618 0.023395  
1.900000 1.500000 0.657460 0.020402 0.021016  
1.910000 1.500000 0.656029 0.037386 0.021456  
1.920000 1.500000 0.656793 0.031983 0.023672  
1.930000 1.500000 0.656716 0.030458 0.024476  
1.940000 1.500000 0.653419 0.031377 0.023537  
1.950000 1.500000 0.658488 0.026357 0.021090  
1.960000 1.500000 0.661222 0.017735 0.017518  
1.970000 1.500000 0.657338 0.031186 0.020088  
1.980000 1.500000 0.653851 0.033042 0.022462  
1.990000 1.500000 0.653469 0.051895 0.024568  
