0.000000000000000 0.5000000000000001
0.0492610837438424 0.5000000000000274
0.0985221674876847 0.5000000000000002
0.147783251231527 0.5000000000000006
0.197044334975369 0.49999999999999994
0.246305418719212 0.5000000000000003
0.295566502463054 0.5
0.344827586206897 0.4999999999999994
0.394088669950739 0.5
0.443349753694581 0.5000000000000001
0.492610837438424 0.5
0.541871921182266 0.5
0.591133004926108 0.5
0.640394088669951 0.49999999999999994
0.689655172413793 0.49999999999999994
0.738916256157635 0.49999999999996964
0.788177339901478 0.49999999999961353
0.837438423645320 0.49999999999999994
0.886699507389162 0.50000000000037
0.935960591133005 0.4999999999999651
0.985221674876847 0.49999999999999994
