0.000000000000000 0.49999895340328776
0.0492610837438424 0.4999989925509435
0.0985221674876847 0.49999904072671264
0.147783251231527 0.49999910888860566
0.197044334975369 0.49999918236959784
0.246305418719212 0.4999992483308871
0.295566502463054 0.49999934363070275
0.344827586206897 0.49999948564125424
0.394088669950739 0.4999996299145412
0.443349753694581 0.4999997969091698
0.492610837438424 0.49999996944900327
0.541871921182266 0.5000001637198054
0.591133004926108 0.5000003237242091
0.640394088669951 0.5000004741983949
0.689655172413793 0.5000006172355127
0.738916256157635 0.5000007253262508
0.788177339901478 0.5000007948341055
0.837438423645320 0.5000008823837377
0.886699507389162 0.5000009397332733
0.935960591133005 0.5000009959453411
0.985221674876847 0.5000010390735231
