0.000000000000000 7.000295830275585e-10
0.0492610837438424 0.0022568736155745795
0.0985221674876847 0.009260915956591592
0.147783251231527 0.022590596029572085
0.197044334975369 0.04441385045613259
0.246305418719212 0.07750209443505465
0.295566502463054 0.12499617388950691
0.344827586206897 0.1897176919161924
0.394088669950739 0.2729069516467346
0.443349753694581 0.37267043145578677
0.492610837438424 0.48306590295641055
0.541871921182266 0.5949549580493071
0.591133004926108 0.6987133738770535
0.640394088669951 0.7872521562375189
0.689655172413793 0.8574970824349076
0.738916256157635 0.9099058033328511
0.788177339901478 0.9469821704841507
0.837438423645320 0.9718694040391762
0.886699507389162 0.9874908882936269
0.935960591133005 0.9962017753041729
0.985221674876847 0.9997480790671693
