0.000000000000000 0.0
0.0492610837438424 0.0019851813358891493
0.0985221674876847 0.008744973953622844
0.147783251231527 0.021866969650786768
0.197044334975369 0.043531635003790675
0.246305418719212 0.07652640309944296
0.295566502463054 0.1240102729316773
0.344827586206897 0.18882115544034425
0.394088669950739 0.27220652192279615
0.443349753694581 0.37226190592434355
0.492610837438424 0.48301073339485556
0.541871921182266 0.5952617772057599
0.591133004926108 0.6993351875414303
0.640394088669951 0.7881009964275024
0.689655172413793 0.8584672120882302
0.738916256157635 0.9108941299462029
0.788177339901478 0.9479000728356738
0.837438423645320 0.9726464276826301
0.886699507389162 0.9880734750055135
0.935960591133005 0.9965499788685696
0.985221674876847 0.9998320446323775
